2152811 17690065955
2152812 17690065959
2152813 17690065962
2152814 17690065965
2152815 17690065968
2152816 17690065971
2152818 17690065976
2152819 17690065979
2152820 17690065983
2152821 17690065986
2152822 17690065989
2152823 17690065992
2152824 17690065995
2152825 17690065998
2152826 17690066001
2152827 17690066004
2152828 17690066007
2152829 17690066011
2152830 17690066014
2152831 17690066017
2152832 17690066020
2152833 17690066023
2152834 17690066027
2152836 17690066031
2152837 17690066034
2152838 17690066037
2152839 17690066040
2152840 17690066043
2152841 17690066047
